x y z
0 0 0.29007
0.0285714 0 0.358285
0.0571429 0 0.274748
0.0857143 0 0.300691
0.114286 0 0.32821
0.142857 0 0.349708
0.171429 0 0.332134
0.2 0 0.312256
0.228571 0 0.335045
0.257143 0 0.300294
0.285714 0 0.317825
0.314286 0 0.327603
0.342857 0 0.313784
0.371429 0 0.256201
0.4 0 0.266514
0.428571 0 0.314707
0.457143 0 0.327153
0.485714 0 0.329604
0.514286 0 0.333728
0.542857 0 0.327098
0.571429 0 0.31874
0.6 0 0.317826
0.628571 0 0.359577
0.657143 0 0.361606
0.685714 0 0.305509
0.714286 0 0.30169
0.742857 0 0.294114
0.771429 0 0.287374
0.8 0 0.267988
0.828571 0 0.306388
0.857143 0 0.295788
0.885714 0 0.334324
0.914286 0 0.310579
0.942857 0 0.294044
0.971429 0 0.363368
1 0 0.372524

0 0.0204082 0.307261
0.0285714 0.0204082 0.384993
0.0571429 0.0204082 0.332394
0.0857143 0.0204082 0.348238
0.114286 0.0204082 0.279182
0.142857 0.0204082 0.336482
0.171429 0.0204082 0.301375
0.2 0.0204082 0.346662
0.228571 0.0204082 0.346359
0.257143 0.0204082 0.331946
0.285714 0.0204082 0.295056
0.314286 0.0204082 0.347177
0.342857 0.0204082 0.323651
0.371429 0.0204082 0.346789
0.4 0.0204082 0.301214
0.428571 0.0204082 0.335388
0.457143 0.0204082 0.290805
0.485714 0.0204082 0.287791
0.514286 0.0204082 0.374057
0.542857 0.0204082 0.309784
0.571429 0.0204082 0.306101
0.6 0.0204082 0.308967
0.628571 0.0204082 0.32823
0.657143 0.0204082 0.297226
0.685714 0.0204082 0.36042
0.714286 0.0204082 0.317434
0.742857 0.0204082 0.337313
0.771429 0.0204082 0.329079
0.8 0.0204082 0.340114
0.828571 0.0204082 0.323333
0.857143 0.0204082 0.320087
0.885714 0.0204082 0.281917
0.914286 0.0204082 0.345486
0.942857 0.0204082 0.334045
0.971429 0.0204082 0.347052
1 0.0204082 0.33664

0 0.0408163 0.37068
0.0285714 0.0408163 0.374567
0.0571429 0.0408163 0.277071
0.0857143 0.0408163 0.313253
0.114286 0.0408163 0.291903
0.142857 0.0408163 0.292703
0.171429 0.0408163 0.278007
0.2 0.0408163 0.306762
0.228571 0.0408163 0.293579
0.257143 0.0408163 0.29484
0.285714 0.0408163 0.306294
0.314286 0.0408163 0.340424
0.342857 0.0408163 0.309367
0.371429 0.0408163 0.314766
0.4 0.0408163 0.339065
0.428571 0.0408163 0.316818
0.457143 0.0408163 0.334295
0.485714 0.0408163 0.346843
0.514286 0.0408163 0.357465
0.542857 0.0408163 0.288663
0.571429 0.0408163 0.321188
0.6 0.0408163 0.33849
0.628571 0.0408163 0.351747
0.657143 0.0408163 0.339311
0.685714 0.0408163 0.307921
0.714286 0.0408163 0.292393
0.742857 0.0408163 0.325518
0.771429 0.0408163 0.331537
0.8 0.0408163 0.331597
0.828571 0.0408163 0.297935
0.857143 0.0408163 0.309214
0.885714 0.0408163 0.319569
0.914286 0.0408163 0.285717
0.942857 0.0408163 0.331913
0.971429 0.0408163 0.28648
1 0.0408163 0.335141

0 0.0612245 0.374443
0.0285714 0.0612245 0.324632
0.0571429 0.0612245 0.363092
0.0857143 0.0612245 0.354121
0.114286 0.0612245 0.372116
0.142857 0.0612245 0.360111
0.171429 0.0612245 0.335206
0.2 0.0612245 0.354673
0.228571 0.0612245 0.314532
0.257143 0.0612245 0.3153
0.285714 0.0612245 0.348661
0.314286 0.0612245 0.312807
0.342857 0.0612245 0.32452
0.371429 0.0612245 0.362201
0.4 0.0612245 0.32754
0.428571 0.0612245 0.328472
0.457143 0.0612245 0.324887
0.485714 0.0612245 0.374457
0.514286 0.0612245 0.30806
0.542857 0.0612245 0.321026
0.571429 0.0612245 0.313957
0.6 0.0612245 0.332472
0.628571 0.0612245 0.326319
0.657143 0.0612245 0.317224
0.685714 0.0612245 0.325799
0.714286 0.0612245 0.308658
0.742857 0.0612245 0.350544
0.771429 0.0612245 0.288457
0.8 0.0612245 0.370631
0.828571 0.0612245 0.317677
0.857143 0.0612245 0.299265
0.885714 0.0612245 0.30933
0.914286 0.0612245 0.294959
0.942857 0.0612245 0.322108
0.971429 0.0612245 0.281418
1 0.0612245 0.291121

0 0.0816327 0.28038
0.0285714 0.0816327 0.321238
0.0571429 0.0816327 0.314709
0.0857143 0.0816327 0.33126
0.114286 0.0816327 0.273598
0.142857 0.0816327 0.300234
0.171429 0.0816327 0.309636
0.2 0.0816327 0.340109
0.228571 0.0816327 0.300309
0.257143 0.0816327 0.324226
0.285714 0.0816327 0.331808
0.314286 0.0816327 0.379138
0.342857 0.0816327 0.356256
0.371429 0.0816327 0.353833
0.4 0.0816327 0.321659
0.428571 0.0816327 0.336647
0.457143 0.0816327 0.303915
0.485714 0.0816327 0.312216
0.514286 0.0816327 0.254729
0.542857 0.0816327 0.341866
0.571429 0.0816327 0.325628
0.6 0.0816327 0.291203
0.628571 0.0816327 0.279426
0.657143 0.0816327 0.352857
0.685714 0.0816327 0.328757
0.714286 0.0816327 0.375189
0.742857 0.0816327 0.334744
0.771429 0.0816327 0.401353
0.8 0.0816327 0.310796
0.828571 0.0816327 0.385785
0.857143 0.0816327 0.352542
0.885714 0.0816327 0.316677
0.914286 0.0816327 0.350575
0.942857 0.0816327 0.289076
0.971429 0.0816327 0.346721
1 0.0816327 0.31836

0 0.102041 0.346368
0.0285714 0.102041 0.37433
0.0571429 0.102041 0.324364
0.0857143 0.102041 0.326875
0.114286 0.102041 0.334675
0.142857 0.102041 0.348529
0.171429 0.102041 0.289546
0.2 0.102041 0.31309
0.228571 0.102041 0.328737
0.257143 0.102041 0.304432
0.285714 0.102041 0.393104
0.314286 0.102041 0.342091
0.342857 0.102041 0.34693
0.371429 0.102041 0.363846
0.4 0.102041 0.348815
0.428571 0.102041 0.362891
0.457143 0.102041 0.305801
0.485714 0.102041 0.335716
0.514286 0.102041 0.313609
0.542857 0.102041 0.338535
0.571429 0.102041 0.338136
0.6 0.102041 0.369126
0.628571 0.102041 0.362141
0.657143 0.102041 0.307009
0.685714 0.102041 0.357504
0.714286 0.102041 0.271643
0.742857 0.102041 0.332497
0.771429 0.102041 0.330426
0.8 0.102041 0.374127
0.828571 0.102041 0.344522
0.857143 0.102041 0.292064
0.885714 0.102041 0.307316
0.914286 0.102041 0.347955
0.942857 0.102041 0.307473
0.971429 0.102041 0.277596
1 0.102041 0.370144

0 0.122449 0.344068
0.0285714 0.122449 0.332829
0.0571429 0.122449 0.326449
0.0857143 0.122449 0.347481
0.114286 0.122449 0.364522
0.142857 0.122449 0.336502
0.171429 0.122449 0.363122
0.2 0.122449 0.328909
0.228571 0.122449 0.344433
0.257143 0.122449 0.296242
0.285714 0.122449 0.316184
0.314286 0.122449 0.291449
0.342857 0.122449 0.316735
0.371429 0.122449 0.346173
0.4 0.122449 0.346688
0.428571 0.122449 0.333484
0.457143 0.122449 0.332824
0.485714 0.122449 0.31239
0.514286 0.122449 0.345652
0.542857 0.122449 0.365654
0.571429 0.122449 0.274927
0.6 0.122449 0.33083
0.628571 0.122449 0.362599
0.657143 0.122449 0.346747
0.685714 0.122449 0.33928
0.714286 0.122449 0.326298
0.742857 0.122449 0.364048
0.771429 0.122449 0.28954
0.8 0.122449 0.309775
0.828571 0.122449 0.329148
0.857143 0.122449 0.334636
0.885714 0.122449 0.350201
0.914286 0.122449 0.319041
0.942857 0.122449 0.325232
0.971429 0.122449 0.358364
1 0.122449 0.329123

0 0.142857 0.310813
0.0285714 0.142857 0.376374
0.0571429 0.142857 0.328942
0.0857143 0.142857 0.302026
0.114286 0.142857 0.365269
0.142857 0.142857 0.352769
0.171429 0.142857 0.332564
0.2 0.142857 0.349812
0.228571 0.142857 0.358552
0.257143 0.142857 0.372167
0.285714 0.142857 0.34731
0.314286 0.142857 0.323373
0.342857 0.142857 0.366407
0.371429 0.142857 0.335013
0.4 0.142857 0.330598
0.428571 0.142857 0.345011
0.457143 0.142857 0.363157
0.485714 0.142857 0.333028
0.514286 0.142857 0.327276
0.542857 0.142857 0.316356
0.571429 0.142857 0.313937
0.6 0.142857 0.361149
0.628571 0.142857 0.321183
0.657143 0.142857 0.352188
0.685714 0.142857 0.375032
0.714286 0.142857 0.337165
0.742857 0.142857 0.354993
0.771429 0.142857 0.351889
0.8 0.142857 0.32806
0.828571 0.142857 0.308863
0.857143 0.142857 0.351562
0.885714 0.142857 0.33226
0.914286 0.142857 0.377329
0.942857 0.142857 0.346899
0.971429 0.142857 0.313271
1 0.142857 0.296346

0 0.163265 0.377016
0.0285714 0.163265 0.341322
0.0571429 0.163265 0.405022
0.0857143 0.163265 0.371152
0.114286 0.163265 0.359852
0.142857 0.163265 0.37112
0.171429 0.163265 0.364461
0.2 0.163265 0.354921
0.228571 0.163265 0.323968
0.257143 0.163265 0.329619
0.285714 0.163265 0.338251
0.314286 0.163265 0.338151
0.342857 0.163265 0.337809
0.371429 0.163265 0.363572
0.4 0.163265 0.37341
0.428571 0.163265 0.397606
0.457143 0.163265 0.371322
0.485714 0.163265 0.36474
0.514286 0.163265 0.365309
0.542857 0.163265 0.36843
0.571429 0.163265 0.358619
0.6 0.163265 0.327903
0.628571 0.163265 0.323723
0.657143 0.163265 0.381483
0.685714 0.163265 0.307882
0.714286 0.163265 0.365634
0.742857 0.163265 0.329891
0.771429 0.163265 0.32867
0.8 0.163265 0.356969
0.828571 0.163265 0.302447
0.857143 0.163265 0.341228
0.885714 0.163265 0.349363
0.914286 0.163265 0.36361
0.942857 0.163265 0.33885
0.971429 0.163265 0.326161
1 0.163265 0.376391

0 0.183673 0.332506
0.0285714 0.183673 0.344585
0.0571429 0.183673 0.359518
0.0857143 0.183673 0.327056
0.114286 0.183673 0.331599
0.142857 0.183673 0.364589
0.171429 0.183673 0.37725
0.2 0.183673 0.315699
0.228571 0.183673 0.32463
0.257143 0.183673 0.366062
0.285714 0.183673 0.349194
0.314286 0.183673 0.340471
0.342857 0.183673 0.366383
0.371429 0.183673 0.386138
0.4 0.183673 0.35954
0.428571 0.183673 0.355685
0.457143 0.183673 0.362811
0.485714 0.183673 0.375097
0.514286 0.183673 0.344114
0.542857 0.183673 0.388392
0.571429 0.183673 0.307304
0.6 0.183673 0.375771
0.628571 0.183673 0.366865
0.657143 0.183673 0.343221
0.685714 0.183673 0.385049
0.714286 0.183673 0.416582
0.742857 0.183673 0.336886
0.771429 0.183673 0.386568
0.8 0.183673 0.377981
0.828571 0.183673 0.359823
0.857143 0.183673 0.396551
0.885714 0.183673 0.378162
0.914286 0.183673 0.352447
0.942857 0.183673 0.390903
0.971429 0.183673 0.318186
1 0.183673 0.332367

0 0.204082 0.318923
0.0285714 0.204082 0.353894
0.0571429 0.204082 0.322029
0.0857143 0.204082 0.360725
0.114286 0.204082 0.354521
0.142857 0.204082 0.355305
0.171429 0.204082 0.335166
0.2 0.204082 0.351585
0.228571 0.204082 0.325616
0.257143 0.204082 0.346559
0.285714 0.204082 0.342464
0.314286 0.204082 0.34339
0.342857 0.204082 0.390451
0.371429 0.204082 0.350684
0.4 0.204082 0.415655
0.428571 0.204082 0.394117
0.457143 0.204082 0.375196
0.485714 0.204082 0.366953
0.514286 0.204082 0.362628
0.542857 0.204082 0.348237
0.571429 0.204082 0.370592
0.6 0.204082 0.374195
0.628571 0.204082 0.329389
0.657143 0.204082 0.35785
0.685714 0.204082 0.381905
0.714286 0.204082 0.355717
0.742857 0.204082 0.405404
0.771429 0.204082 0.394339
0.8 0.204082 0.356017
0.828571 0.204082 0.363685
0.857143 0.204082 0.372975
0.885714 0.204082 0.33951
0.914286 0.204082 0.351692
0.942857 0.204082 0.32351
0.971429 0.204082 0.380121
1 0.204082 0.38311

0 0.22449 0.357681
0.0285714 0.22449 0.3397
0.0571429 0.22449 0.366448
0.0857143 0.22449 0.37902
0.114286 0.22449 0.373701
0.142857 0.22449 0.346255
0.171429 0.22449 0.396302
0.2 0.22449 0.404388
0.228571 0.22449 0.324684
0.257143 0.22449 0.362664
0.285714 0.22449 0.343622
0.314286 0.22449 0.395145
0.342857 0.22449 0.394335
0.371429 0.22449 0.372412
0.4 0.22449 0.404487
0.428571 0.22449 0.344762
0.457143 0.22449 0.37879
0.485714 0.22449 0.400427
0.514286 0.22449 0.336134
0.542857 0.22449 0.40619
0.571429 0.22449 0.398081
0.6 0.22449 0.410983
0.628571 0.22449 0.386562
0.657143 0.22449 0.361773
0.685714 0.22449 0.38411
0.714286 0.22449 0.377458
0.742857 0.22449 0.368901
0.771429 0.22449 0.370728
0.8 0.22449 0.383311
0.828571 0.22449 0.382161
0.857143 0.22449 0.363554
0.885714 0.22449 0.394597
0.914286 0.22449 0.364654
0.942857 0.22449 0.352821
0.971429 0.22449 0.347954
1 0.22449 0.370032

0 0.244898 0.361073
0.0285714 0.244898 0.339695
0.0571429 0.244898 0.348778
0.0857143 0.244898 0.299975
0.114286 0.244898 0.387609
0.142857 0.244898 0.380955
0.171429 0.244898 0.409776
0.2 0.244898 0.382729
0.228571 0.244898 0.398027
0.257143 0.244898 0.366351
0.285714 0.244898 0.396229
0.314286 0.244898 0.331023
0.342857 0.244898 0.345279
0.371429 0.244898 0.372154
0.4 0.244898 0.383798
0.428571 0.244898 0.402715
0.457143 0.244898 0.311739
0.485714 0.244898 0.391321
0.514286 0.244898 0.391247
0.542857 0.244898 0.339572
0.571429 0.244898 0.306939
0.6 0.244898 0.334145
0.628571 0.244898 0.383484
0.657143 0.244898 0.377572
0.685714 0.244898 0.368305
0.714286 0.244898 0.402407
0.742857 0.244898 0.376275
0.771429 0.244898 0.369485
0.8 0.244898 0.363575
0.828571 0.244898 0.381081
0.857143 0.244898 0.368295
0.885714 0.244898 0.402005
0.914286 0.244898 0.389052
0.942857 0.244898 0.382829
0.971429 0.244898 0.322696
1 0.244898 0.353217

0 0.265306 0.394528
0.0285714 0.265306 0.306239
0.0571429 0.265306 0.341281
0.0857143 0.265306 0.363058
0.114286 0.265306 0.37767
0.142857 0.265306 0.40365
0.171429 0.265306 0.350317
0.2 0.265306 0.384102
0.228571 0.265306 0.412158
0.257143 0.265306 0.380689
0.285714 0.265306 0.373423
0.314286 0.265306 0.347901
0.342857 0.265306 0.384102
0.371429 0.265306 0.399337
0.4 0.265306 0.383231
0.428571 0.265306 0.353699
0.457143 0.265306 0.416719
0.485714 0.265306 0.353003
0.514286 0.265306 0.380676
0.542857 0.265306 0.404049
0.571429 0.265306 0.391271
0.6 0.265306 0.429931
0.628571 0.265306 0.433467
0.657143 0.265306 0.419973
0.685714 0.265306 0.368227
0.714286 0.265306 0.387111
0.742857 0.265306 0.403266
0.771429 0.265306 0.360046
0.8 0.265306 0.400911
0.828571 0.265306 0.396494
0.857143 0.265306 0.384364
0.885714 0.265306 0.403284
0.914286 0.265306 0.420049
0.942857 0.265306 0.346799
0.971429 0.265306 0.397991
1 0.265306 0.375507

0 0.285714 0.374543
0.0285714 0.285714 0.351387
0.0571429 0.285714 0.397859
0.0857143 0.285714 0.41725
0.114286 0.285714 0.356556
0.142857 0.285714 0.361469
0.171429 0.285714 0.372555
0.2 0.285714 0.381671
0.228571 0.285714 0.440782
0.257143 0.285714 0.37077
0.285714 0.285714 0.400305
0.314286 0.285714 0.365037
0.342857 0.285714 0.418357
0.371429 0.285714 0.359535
0.4 0.285714 0.406518
0.428571 0.285714 0.338859
0.457143 0.285714 0.399307
0.485714 0.285714 0.421174
0.514286 0.285714 0.392541
0.542857 0.285714 0.412402
0.571429 0.285714 0.430132
0.6 0.285714 0.428146
0.628571 0.285714 0.425943
0.657143 0.285714 0.373711
0.685714 0.285714 0.436895
0.714286 0.285714 0.40511
0.742857 0.285714 0.357711
0.771429 0.285714 0.401146
0.8 0.285714 0.412856
0.828571 0.285714 0.386825
0.857143 0.285714 0.370094
0.885714 0.285714 0.358539
0.914286 0.285714 0.378594
0.942857 0.285714 0.356421
0.971429 0.285714 0.386073
1 0.285714 0.400059

0 0.306122 0.368881
0.0285714 0.306122 0.411151
0.0571429 0.306122 0.391079
0.0857143 0.306122 0.367039
0.114286 0.306122 0.431804
0.142857 0.306122 0.422952
0.171429 0.306122 0.381518
0.2 0.306122 0.390627
0.228571 0.306122 0.403367
0.257143 0.306122 0.393956
0.285714 0.306122 0.379109
0.314286 0.306122 0.406747
0.342857 0.306122 0.465565
0.371429 0.306122 0.34828
0.4 0.306122 0.392117
0.428571 0.306122 0.373358
0.457143 0.306122 0.394239
0.485714 0.306122 0.403087
0.514286 0.306122 0.34338
0.542857 0.306122 0.388662
0.571429 0.306122 0.380075
0.6 0.306122 0.392519
0.628571 0.306122 0.325907
0.657143 0.306122 0.428299
0.685714 0.306122 0.378253
0.714286 0.306122 0.385571
0.742857 0.306122 0.40268
0.771429 0.306122 0.390546
0.8 0.306122 0.37321
0.828571 0.306122 0.419109
0.857143 0.306122 0.376382
0.885714 0.306122 0.365454
0.914286 0.306122 0.419462
0.942857 0.306122 0.358131
0.971429 0.306122 0.396063
1 0.306122 0.364154

0 0.326531 0.436089
0.0285714 0.326531 0.379865
0.0571429 0.326531 0.35756
0.0857143 0.326531 0.356911
0.114286 0.326531 0.385329
0.142857 0.326531 0.374861
0.171429 0.326531 0.427032
0.2 0.326531 0.360917
0.228571 0.326531 0.418631
0.257143 0.326531 0.350651
0.285714 0.326531 0.436048
0.314286 0.326531 0.40164
0.342857 0.326531 0.434424
0.371429 0.326531 0.347885
0.4 0.326531 0.393075
0.428571 0.326531 0.413558
0.457143 0.326531 0.416422
0.485714 0.326531 0.38451
0.514286 0.326531 0.392417
0.542857 0.326531 0.397237
0.571429 0.326531 0.430735
0.6 0.326531 0.389222
0.628571 0.326531 0.380545
0.657143 0.326531 0.417909
0.685714 0.326531 0.354254
0.714286 0.326531 0.433453
0.742857 0.326531 0.365518
0.771429 0.326531 0.432205
0.8 0.326531 0.418976
0.828571 0.326531 0.443179
0.857143 0.326531 0.349073
0.885714 0.326531 0.421899
0.914286 0.326531 0.399961
0.942857 0.326531 0.375053
0.971429 0.326531 0.385655
1 0.326531 0.384253

0 0.346939 0.394266
0.0285714 0.346939 0.399045
0.0571429 0.346939 0.424561
0.0857143 0.346939 0.394996
0.114286 0.346939 0.377686
0.142857 0.346939 0.391162
0.171429 0.346939 0.384887
0.2 0.346939 0.400626
0.228571 0.346939 0.414056
0.257143 0.346939 0.394122
0.285714 0.346939 0.405213
0.314286 0.346939 0.423948
0.342857 0.346939 0.400938
0.371429 0.346939 0.394374
0.4 0.346939 0.380421
0.428571 0.346939 0.438706
0.457143 0.346939 0.415628
0.485714 0.346939 0.404461
0.514286 0.346939 0.40451
0.542857 0.346939 0.41026
0.571429 0.346939 0.380498
0.6 0.346939 0.3888
0.628571 0.346939 0.457399
0.657143 0.346939 0.398278
0.685714 0.346939 0.412666
0.714286 0.346939 0.429941
0.742857 0.346939 0.391031
0.771429 0.346939 0.42581
0.8 0.346939 0.38145
0.828571 0.346939 0.349599
0.857143 0.346939 0.436057
0.885714 0.346939 0.371843
0.914286 0.346939 0.359459
0.942857 0.346939 0.413701
0.971429 0.346939 0.401789
1 0.346939 0.415544

0 0.367347 0.410895
0.0285714 0.367347 0.418737
0.0571429 0.367347 0.366181
0.0857143 0.367347 0.375611
0.114286 0.367347 0.383196
0.142857 0.367347 0.385733
0.171429 0.367347 0.372184
0.2 0.367347 0.402893
0.228571 0.367347 0.429114
0.257143 0.367347 0.433559
0.285714 0.367347 0.427541
0.314286 0.367347 0.409177
0.342857 0.367347 0.424852
0.371429 0.367347 0.413312
0.4 0.367347 0.456202
0.428571 0.367347 0.421349
0.457143 0.367347 0.434883
0.485714 0.367347 0.407001
0.514286 0.367347 0.395307
0.542857 0.367347 0.455752
0.571429 0.367347 0.427692
0.6 0.367347 0.386721
0.628571 0.367347 0.425016
0.657143 0.367347 0.416663
0.685714 0.367347 0.393064
0.714286 0.367347 0.411134
0.742857 0.367347 0.401882
0.771429 0.367347 0.411718
0.8 0.367347 0.421432
0.828571 0.367347 0.397366
0.857143 0.367347 0.4276
0.885714 0.367347 0.332355
0.914286 0.367347 0.424638
0.942857 0.367347 0.388904
0.971429 0.367347 0.379238
1 0.367347 0.387976

0 0.387755 0.379709
0.0285714 0.387755 0.398684
0.0571429 0.387755 0.425775
0.0857143 0.387755 0.411217
0.114286 0.387755 0.456741
0.142857 0.387755 0.382345
0.171429 0.387755 0.403366
0.2 0.387755 0.424879
0.228571 0.387755 0.416661
0.257143 0.387755 0.431427
0.285714 0.387755 0.431596
0.314286 0.387755 0.407104
0.342857 0.387755 0.437631
0.371429 0.387755 0.362593
0.4 0.387755 0.468275
0.428571 0.387755 0.417503
0.457143 0.387755 0.410268
0.485714 0.387755 0.438945
0.514286 0.387755 0.452642
0.542857 0.387755 0.400035
0.571429 0.387755 0.418753
0.6 0.387755 0.416861
0.628571 0.387755 0.372878
0.657143 0.387755 0.436296
0.685714 0.387755 0.410663
0.714286 0.387755 0.406418
0.742857 0.387755 0.395612
0.771429 0.387755 0.410642
0.8 0.387755 0.38157
0.828571 0.387755 0.456612
0.857143 0.387755 0.401384
0.885714 0.387755 0.410008
0.914286 0.387755 0.373761
0.942857 0.387755 0.451693
0.971429 0.387755 0.384415
1 0.387755 0.41241

0 0.408163 0.410076
0.0285714 0.408163 0.423571
0.0571429 0.408163 0.388084
0.0857143 0.408163 0.393293
0.114286 0.408163 0.431342
0.142857 0.408163 0.447626
0.171429 0.408163 0.411347
0.2 0.408163 0.409301
0.228571 0.408163 0.455045
0.257143 0.408163 0.410531
0.285714 0.408163 0.371906
0.314286 0.408163 0.402991
0.342857 0.408163 0.476977
0.371429 0.408163 0.404732
0.4 0.408163 0.471473
0.428571 0.408163 0.419786
0.457143 0.408163 0.386998
0.485714 0.408163 0.444195
0.514286 0.408163 0.433307
0.542857 0.408163 0.419238
0.571429 0.408163 0.411831
0.6 0.408163 0.449606
0.628571 0.408163 0.434517
0.657143 0.408163 0.425326
0.685714 0.408163 0.437453
0.714286 0.408163 0.419674
0.742857 0.408163 0.428549
0.771429 0.408163 0.414801
0.8 0.408163 0.410332
0.828571 0.408163 0.389847
0.857143 0.408163 0.423783
0.885714 0.408163 0.408248
0.914286 0.408163 0.414458
0.942857 0.408163 0.458785
0.971429 0.408163 0.421263
1 0.408163 0.414764

0 0.428571 0.41639
0.0285714 0.428571 0.393922
0.0571429 0.428571 0.436881
0.0857143 0.428571 0.418418
0.114286 0.428571 0.45356
0.142857 0.428571 0.406358
0.171429 0.428571 0.482827
0.2 0.428571 0.40827
0.228571 0.428571 0.434065
0.257143 0.428571 0.407275
0.285714 0.428571 0.41039
0.314286 0.428571 0.425362
0.342857 0.428571 0.443169
0.371429 0.428571 0.410111
0.4 0.428571 0.421586
0.428571 0.428571 0.467354
0.457143 0.428571 0.414373
0.485714 0.428571 0.429969
0.514286 0.428571 0.39831
0.542857 0.428571 0.432287
0.571429 0.428571 0.431778
0.6 0.428571 0.363496
0.628571 0.428571 0.446244
0.657143 0.428571 0.427454
0.685714 0.428571 0.416583
0.714286 0.428571 0.441288
0.742857 0.428571 0.421959
0.771429 0.428571 0.395058
0.8 0.428571 0.454422
0.828571 0.428571 0.426433
0.857143 0.428571 0.396542
0.885714 0.428571 0.40149
0.914286 0.428571 0.465913
0.942857 0.428571 0.408474
0.971429 0.428571 0.401064
1 0.428571 0.397481

0 0.44898 0.423452
0.0285714 0.44898 0.38612
0.0571429 0.44898 0.403877
0.0857143 0.44898 0.40553
0.114286 0.44898 0.392772
0.142857 0.44898 0.430187
0.171429 0.44898 0.41699
0.2 0.44898 0.359486
0.228571 0.44898 0.437999
0.257143 0.44898 0.428265
0.285714 0.44898 0.425255
0.314286 0.44898 0.449651
0.342857 0.44898 0.427365
0.371429 0.44898 0.388107
0.4 0.44898 0.438425
0.428571 0.44898 0.455879
0.457143 0.44898 0.4194
0.485714 0.44898 0.444435
0.514286 0.44898 0.409007
0.542857 0.44898 0.45662
0.571429 0.44898 0.420311
0.6 0.44898 0.403468
0.628571 0.44898 0.461975
0.657143 0.44898 0.520365
0.685714 0.44898 0.448705
0.714286 0.44898 0.458642
0.742857 0.44898 0.412141
0.771429 0.44898 0.38654
0.8 0.44898 0.395222
0.828571 0.44898 0.41004
0.857143 0.44898 0.45996
0.885714 0.44898 0.443626
0.914286 0.44898 0.43026
0.942857 0.44898 0.443197
0.971429 0.44898 0.405818
1 0.44898 0.412374

0 0.469388 0.438208
0.0285714 0.469388 0.432154
0.0571429 0.469388 0.444554
0.0857143 0.469388 0.410555
0.114286 0.469388 0.452954
0.142857 0.469388 0.386306
0.171429 0.469388 0.433537
0.2 0.469388 0.472595
0.228571 0.469388 0.430302
0.257143 0.469388 0.450973
0.285714 0.469388 0.432054
0.314286 0.469388 0.484315
0.342857 0.469388 0.406498
0.371429 0.469388 0.500188
0.4 0.469388 0.437813
0.428571 0.469388 0.432155
0.457143 0.469388 0.464558
0.485714 0.469388 0.423974
0.514286 0.469388 0.432694
0.542857 0.469388 0.429649
0.571429 0.469388 0.468765
0.6 0.469388 0.44266
0.628571 0.469388 0.475076
0.657143 0.469388 0.434608
0.685714 0.469388 0.437782
0.714286 0.469388 0.434259
0.742857 0.469388 0.449786
0.771429 0.469388 0.448983
0.8 0.469388 0.441704
0.828571 0.469388 0.439112
0.857143 0.469388 0.433459
0.885714 0.469388 0.403079
0.914286 0.469388 0.473299
0.942857 0.469388 0.479723
0.971429 0.469388 0.438789
1 0.469388 0.388918

0 0.489796 0.43771
0.0285714 0.489796 0.462362
0.0571429 0.489796 0.460058
0.0857143 0.489796 0.416944
0.114286 0.489796 0.476804
0.142857 0.489796 0.448008
0.171429 0.489796 0.463328
0.2 0.489796 0.426817
0.228571 0.489796 0.492504
0.257143 0.489796 0.492593
0.285714 0.489796 0.44427
0.314286 0.489796 0.40732
0.342857 0.489796 0.446084
0.371429 0.489796 0.430323
0.4 0.489796 0.474114
0.428571 0.489796 0.421136
0.457143 0.489796 0.486652
0.485714 0.489796 0.465541
0.514286 0.489796 0.460958
0.542857 0.489796 0.453634
0.571429 0.489796 0.451805
0.6 0.489796 0.432704
0.628571 0.489796 0.496151
0.657143 0.489796 0.43716
0.685714 0.489796 0.446345
0.714286 0.489796 0.432025
0.742857 0.489796 0.42817
0.771429 0.489796 0.45052
0.8 0.489796 0.400098
0.828571 0.489796 0.446489
0.857143 0.489796 0.477479
0.885714 0.489796 0.474348
0.914286 0.489796 0.48569
0.942857 0.489796 0.47429
0.971429 0.489796 0.439272
1 0.489796 0.408676

0 0.510204 0.432194
0.0285714 0.510204 0.431692
0.0571429 0.510204 0.442479
0.0857143 0.510204 0.435415
0.114286 0.510204 0.432969
0.142857 0.510204 0.452686
0.171429 0.510204 0.469224
0.2 0.510204 0.417978
0.228571 0.510204 0.449847
0.257143 0.510204 0.424886
0.285714 0.510204 0.465588
0.314286 0.510204 0.448389
0.342857 0.510204 0.437712
0.371429 0.510204 0.459178
0.4 0.510204 0.453898
0.428571 0.510204 0.486083
0.457143 0.510204 0.375994
0.485714 0.510204 0.474057
0.514286 0.510204 0.476129
0.542857 0.510204 0.449222
0.571429 0.510204 0.4589
0.6 0.510204 0.483755
0.628571 0.510204 0.430032
0.657143 0.510204 0.482009
0.685714 0.510204 0.408959
0.714286 0.510204 0.432872
0.742857 0.510204 0.4572
0.771429 0.510204 0.421418
0.8 0.510204 0.446018
0.828571 0.510204 0.405496
0.857143 0.510204 0.440235
0.885714 0.510204 0.463062
0.914286 0.510204 0.434523
0.942857 0.510204 0.452144
0.971429 0.510204 0.461427
1 0.510204 0.416009

0 0.530612 0.468392
0.0285714 0.530612 0.488923
0.0571429 0.530612 0.451125
0.0857143 0.530612 0.444298
0.114286 0.530612 0.462569
0.142857 0.530612 0.469382
0.171429 0.530612 0.43029
0.2 0.530612 0.440891
0.228571 0.530612 0.467056
0.257143 0.530612 0.446892
0.285714 0.530612 0.464897
0.314286 0.530612 0.478485
0.342857 0.530612 0.471679
0.371429 0.530612 0.4374
0.4 0.530612 0.450276
0.428571 0.530612 0.486807
0.457143 0.530612 0.478066
0.485714 0.530612 0.433117
0.514286 0.530612 0.462713
0.542857 0.530612 0.439676
0.571429 0.530612 0.481619
0.6 0.530612 0.457209
0.628571 0.530612 0.443207
0.657143 0.530612 0.395266
0.685714 0.530612 0.501425
0.714286 0.530612 0.47061
0.742857 0.530612 0.463876
0.771429 0.530612 0.444814
0.8 0.530612 0.438959
0.828571 0.530612 0.470065
0.857143 0.530612 0.485948
0.885714 0.530612 0.422764
0.914286 0.530612 0.427228
0.942857 0.530612 0.427588
0.971429 0.530612 0.474542
1 0.530612 0.408946

0 0.55102 0.469351
0.0285714 0.55102 0.443491
0.0571429 0.55102 0.439624
0.0857143 0.55102 0.435206
0.114286 0.55102 0.428914
0.142857 0.55102 0.421244
0.171429 0.55102 0.418885
0.2 0.55102 0.410174
0.228571 0.55102 0.513541
0.257143 0.55102 0.429871
0.285714 0.55102 0.439909
0.314286 0.55102 0.473481
0.342857 0.55102 0.455573
0.371429 0.55102 0.469184
0.4 0.55102 0.42134
0.428571 0.55102 0.516255
0.457143 0.55102 0.479054
0.485714 0.55102 0.523293
0.514286 0.55102 0.53071
0.542857 0.55102 0.45311
0.571429 0.55102 0.521989
0.6 0.55102 0.413654
0.628571 0.55102 0.540392
0.657143 0.55102 0.46253
0.685714 0.55102 0.483779
0.714286 0.55102 0.443789
0.742857 0.55102 0.460013
0.771429 0.55102 0.482116
0.8 0.55102 0.425137
0.828571 0.55102 0.463485
0.857143 0.55102 0.448129
0.885714 0.55102 0.448842
0.914286 0.55102 0.454818
0.942857 0.55102 0.471882
0.971429 0.55102 0.416351
1 0.55102 0.43741

0 0.571429 0.464814
0.0285714 0.571429 0.408547
0.0571429 0.571429 0.429497
0.0857143 0.571429 0.493438
0.114286 0.571429 0.486921
0.142857 0.571429 0.449029
0.171429 0.571429 0.468126
0.2 0.571429 0.477342
0.228571 0.571429 0.478088
0.257143 0.571429 0.48683
0.285714 0.571429 0.431186
0.314286 0.571429 0.453481
0.342857 0.571429 0.508053
0.371429 0.571429 0.490879
0.4 0.571429 0.492074
0.428571 0.571429 0.462636
0.457143 0.571429 0.486982
0.485714 0.571429 0.453311
0.514286 0.571429 0.458167
0.542857 0.571429 0.451238
0.571429 0.571429 0.455994
0.6 0.571429 0.509656
0.628571 0.571429 0.422659
0.657143 0.571429 0.524592
0.685714 0.571429 0.484112
0.714286 0.571429 0.493613
0.742857 0.571429 0.473481
0.771429 0.571429 0.435825
0.8 0.571429 0.387926
0.828571 0.571429 0.46148
0.857143 0.571429 0.465163
0.885714 0.571429 0.494494
0.914286 0.571429 0.463234
0.942857 0.571429 0.458641
0.971429 0.571429 0.439664
1 0.571429 0.441672

0 0.591837 0.45245
0.0285714 0.591837 0.511463
0.0571429 0.591837 0.489272
0.0857143 0.591837 0.480403
0.114286 0.591837 0.464101
0.142857 0.591837 0.488676
0.171429 0.591837 0.502303
0.2 0.591837 0.489996
0.228571 0.591837 0.415187
0.257143 0.591837 0.472323
0.285714 0.591837 0.473306
0.314286 0.591837 0.436994
0.342857 0.591837 0.5178
0.371429 0.591837 0.537019
0.4 0.591837 0.506095
0.428571 0.591837 0.472866
0.457143 0.591837 0.490957
0.485714 0.591837 0.491093
0.514286 0.591837 0.486541
0.542857 0.591837 0.493941
0.571429 0.591837 0.469982
0.6 0.591837 0.497383
0.628571 0.591837 0.514793
0.657143 0.591837 0.463803
0.685714 0.591837 0.496062
0.714286 0.591837 0.43499
0.742857 0.591837 0.485225
0.771429 0.591837 0.49232
0.8 0.591837 0.483385
0.828571 0.591837 0.439243
0.857143 0.591837 0.479369
0.885714 0.591837 0.444338
0.914286 0.591837 0.441945
0.942857 0.591837 0.422577
0.971429 0.591837 0.458986
1 0.591837 0.432599

0 0.612245 0.477895
0.0285714 0.612245 0.424428
0.0571429 0.612245 0.428098
0.0857143 0.612245 0.459219
0.114286 0.612245 0.456767
0.142857 0.612245 0.429794
0.171429 0.612245 0.455869
0.2 0.612245 0.481237
0.228571 0.612245 0.506802
0.257143 0.612245 0.464566
0.285714 0.612245 0.495177
0.314286 0.612245 0.51873
0.342857 0.612245 0.492915
0.371429 0.612245 0.523819
0.4 0.612245 0.479165
0.428571 0.612245 0.479474
0.457143 0.612245 0.482007
0.485714 0.612245 0.500974
0.514286 0.612245 0.494327
0.542857 0.612245 0.461725
0.571429 0.612245 0.489131
0.6 0.612245 0.492724
0.628571 0.612245 0.455262
0.657143 0.612245 0.493096
0.685714 0.612245 0.486006
0.714286 0.612245 0.431569
0.742857 0.612245 0.498232
0.771429 0.612245 0.46538
0.8 0.612245 0.483046
0.828571 0.612245 0.441785
0.857143 0.612245 0.443987
0.885714 0.612245 0.439635
0.914286 0.612245 0.524166
0.942857 0.612245 0.495905
0.971429 0.612245 0.476547
1 0.612245 0.487639

0 0.632653 0.49195
0.0285714 0.632653 0.486882
0.0571429 0.632653 0.500112
0.0857143 0.632653 0.505019
0.114286 0.632653 0.460302
0.142857 0.632653 0.429219
0.171429 0.632653 0.45313
0.2 0.632653 0.492887
0.228571 0.632653 0.530687
0.257143 0.632653 0.421804
0.285714 0.632653 0.507201
0.314286 0.632653 0.512977
0.342857 0.632653 0.568879
0.371429 0.632653 0.503916
0.4 0.632653 0.51393
0.428571 0.632653 0.502494
0.457143 0.632653 0.513736
0.485714 0.632653 0.475222
0.514286 0.632653 0.498922
0.542857 0.632653 0.486436
0.571429 0.632653 0.510126
0.6 0.632653 0.538428
0.628571 0.632653 0.546912
0.657143 0.632653 0.42513
0.685714 0.632653 0.448005
0.714286 0.632653 0.465982
0.742857 0.632653 0.49249
0.771429 0.632653 0.546466
0.8 0.632653 0.479394
0.828571 0.632653 0.480457
0.857143 0.632653 0.500717
0.885714 0.632653 0.560312
0.914286 0.632653 0.507742
0.942857 0.632653 0.491374
0.971429 0.632653 0.424155
1 0.632653 0.466324

0 0.653061 0.486363
0.0285714 0.653061 0.468337
0.0571429 0.653061 0.478662
0.0857143 0.653061 0.465908
0.114286 0.653061 0.552794
0.142857 0.653061 0.502162
0.171429 0.653061 0.501038
0.2 0.653061 0.519922
0.228571 0.653061 0.484556
0.257143 0.653061 0.48491
0.285714 0.653061 0.509477
0.314286 0.653061 0.459192
0.342857 0.653061 0.496803
0.371429 0.653061 0.514195
0.4 0.653061 0.562223
0.428571 0.653061 0.507008
0.457143 0.653061 0.485035
0.485714 0.653061 0.520084
0.514286 0.653061 0.504717
0.542857 0.653061 0.507663
0.571429 0.653061 0.514177
0.6 0.653061 0.550374
0.628571 0.653061 0.503117
0.657143 0.653061 0.50333
0.685714 0.653061 0.532816
0.714286 0.653061 0.555041
0.742857 0.653061 0.480233
0.771429 0.653061 0.514705
0.8 0.653061 0.464883
0.828571 0.653061 0.490556
0.857143 0.653061 0.468829
0.885714 0.653061 0.473489
0.914286 0.653061 0.468997
0.942857 0.653061 0.493015
0.971429 0.653061 0.486628
1 0.653061 0.505947

0 0.673469 0.444368
0.0285714 0.673469 0.483792
0.0571429 0.673469 0.480205
0.0857143 0.673469 0.478909
0.114286 0.673469 0.461481
0.142857 0.673469 0.50542
0.171429 0.673469 0.442007
0.2 0.673469 0.474239
0.228571 0.673469 0.520136
0.257143 0.673469 0.537159
0.285714 0.673469 0.540775
0.314286 0.673469 0.492475
0.342857 0.673469 0.508887
0.371429 0.673469 0.499455
0.4 0.673469 0.557384
0.428571 0.673469 0.53156
0.457143 0.673469 0.526168
0.485714 0.673469 0.521919
0.514286 0.673469 0.507225
0.542857 0.673469 0.569414
0.571429 0.673469 0.556948
0.6 0.673469 0.549178
0.628571 0.673469 0.507066
0.657143 0.673469 0.507402
0.685714 0.673469 0.504898
0.714286 0.673469 0.473599
0.742857 0.673469 0.526939
0.771429 0.673469 0.505859
0.8 0.673469 0.526233
0.828571 0.673469 0.53482
0.857143 0.673469 0.556644
0.885714 0.673469 0.432517
0.914286 0.673469 0.463305
0.942857 0.673469 0.43042
0.971429 0.673469 0.484309
1 0.673469 0.417586

0 0.693878 0.48606
0.0285714 0.693878 0.461776
0.0571429 0.693878 0.466252
0.0857143 0.693878 0.578468
0.114286 0.693878 0.498089
0.142857 0.693878 0.533051
0.171429 0.693878 0.538412
0.2 0.693878 0.491951
0.228571 0.693878 0.508271
0.257143 0.693878 0.482935
0.285714 0.693878 0.535303
0.314286 0.693878 0.551367
0.342857 0.693878 0.505945
0.371429 0.693878 0.510413
0.4 0.693878 0.545858
0.428571 0.693878 0.518815
0.457143 0.693878 0.485926
0.485714 0.693878 0.533375
0.514286 0.693878 0.516826
0.542857 0.693878 0.485591
0.571429 0.693878 0.500177
0.6 0.693878 0.550534
0.628571 0.693878 0.499125
0.657143 0.693878 0.548823
0.685714 0.693878 0.544571
0.714286 0.693878 0.561139
0.742857 0.693878 0.477937
0.771429 0.693878 0.561385
0.8 0.693878 0.556388
0.828571 0.693878 0.506683
0.857143 0.693878 0.497048
0.885714 0.693878 0.50188
0.914286 0.693878 0.507848
0.942857 0.693878 0.496928
0.971429 0.693878 0.489656
1 0.693878 0.482404

0 0.714286 0.466856
0.0285714 0.714286 0.504846
0.0571429 0.714286 0.456925
0.0857143 0.714286 0.531367
0.114286 0.714286 0.447796
0.142857 0.714286 0.519887
0.171429 0.714286 0.501439
0.2 0.714286 0.517293
0.228571 0.714286 0.495049
0.257143 0.714286 0.529926
0.285714 0.714286 0.490065
0.314286 0.714286 0.501163
0.342857 0.714286 0.544397
0.371429 0.714286 0.571508
0.4 0.714286 0.518784
0.428571 0.714286 0.537188
0.457143 0.714286 0.544997
0.485714 0.714286 0.554428
0.514286 0.714286 0.484145
0.542857 0.714286 0.557373
0.571429 0.714286 0.475543
0.6 0.714286 0.521003
0.628571 0.714286 0.523749
0.657143 0.714286 0.515945
0.685714 0.714286 0.494383
0.714286 0.714286 0.470597
0.742857 0.714286 0.509517
0.771429 0.714286 0.481779
0.8 0.714286 0.503531
0.828571 0.714286 0.526859
0.857143 0.714286 0.493234
0.885714 0.714286 0.475393
0.914286 0.714286 0.462417
0.942857 0.714286 0.482034
0.971429 0.714286 0.500876
1 0.714286 0.481709

0 0.734694 0.48494
0.0285714 0.734694 0.498944
0.0571429 0.734694 0.473529
0.0857143 0.734694 0.495593
0.114286 0.734694 0.492447
0.142857 0.734694 0.487617
0.171429 0.734694 0.539364
0.2 0.734694 0.502617
0.228571 0.734694 0.573605
0.257143 0.734694 0.525582
0.285714 0.734694 0.539436
0.314286 0.734694 0.480187
0.342857 0.734694 0.593154
0.371429 0.734694 0.547713
0.4 0.734694 0.550448
0.428571 0.734694 0.523073
0.457143 0.734694 0.536956
0.485714 0.734694 0.501713
0.514286 0.734694 0.521482
0.542857 0.734694 0.540176
0.571429 0.734694 0.571198
0.6 0.734694 0.520059
0.628571 0.734694 0.479575
0.657143 0.734694 0.535534
0.685714 0.734694 0.525874
0.714286 0.734694 0.506262
0.742857 0.734694 0.540062
0.771429 0.734694 0.551901
0.8 0.734694 0.526821
0.828571 0.734694 0.481896
0.857143 0.734694 0.51141
0.885714 0.734694 0.484106
0.914286 0.734694 0.508322
0.942857 0.734694 0.527117
0.971429 0.734694 0.455772
1 0.734694 0.498696

0 0.755102 0.501801
0.0285714 0.755102 0.510639
0.0571429 0.755102 0.530786
0.0857143 0.755102 0.462378
0.114286 0.755102 0.509417
0.142857 0.755102 0.542695
0.171429 0.755102 0.535756
0.2 0.755102 0.518822
0.228571 0.755102 0.532194
0.257143 0.755102 0.567316
0.285714 0.755102 0.500778
0.314286 0.755102 0.509868
0.342857 0.755102 0.515016
0.371429 0.755102 0.580369
0.4 0.755102 0.5978
0.428571 0.755102 0.560841
0.457143 0.755102 0.549724
0.485714 0.755102 0.592705
0.514286 0.755102 0.553051
0.542857 0.755102 0.572716
0.571429 0.755102 0.538679
0.6 0.755102 0.516848
0.628571 0.755102 0.610339
0.657143 0.755102 0.575946
0.685714 0.755102 0.536465
0.714286 0.755102 0.559608
0.742857 0.755102 0.554592
0.771429 0.755102 0.500172
0.8 0.755102 0.475826
0.828571 0.755102 0.519029
0.857143 0.755102 0.53473
0.885714 0.755102 0.516059
0.914286 0.755102 0.515184
0.942857 0.755102 0.558413
0.971429 0.755102 0.473435
1 0.755102 0.494698

0 0.77551 0.562401
0.0285714 0.77551 0.489989
0.0571429 0.77551 0.4993
0.0857143 0.77551 0.518793
0.114286 0.77551 0.502375
0.142857 0.77551 0.517115
0.171429 0.77551 0.548417
0.2 0.77551 0.545498
0.228571 0.77551 0.547756
0.257143 0.77551 0.556429
0.285714 0.77551 0.515187
0.314286 0.77551 0.579518
0.342857 0.77551 0.51332
0.371429 0.77551 0.531642
0.4 0.77551 0.555516
0.428571 0.77551 0.517404
0.457143 0.77551 0.552922
0.485714 0.77551 0.491983
0.514286 0.77551 0.501822
0.542857 0.77551 0.573361
0.571429 0.77551 0.587484
0.6 0.77551 0.500125
0.628571 0.77551 0.55536
0.657143 0.77551 0.566287
0.685714 0.77551 0.528763
0.714286 0.77551 0.573025
0.742857 0.77551 0.535567
0.771429 0.77551 0.548877
0.8 0.77551 0.469228
0.828571 0.77551 0.529305
0.857143 0.77551 0.506836
0.885714 0.77551 0.541852
0.914286 0.77551 0.520108
0.942857 0.77551 0.471334
0.971429 0.77551 0.495293
1 0.77551 0.505689

0 0.795918 0.522649
0.0285714 0.795918 0.529323
0.0571429 0.795918 0.490413
0.0857143 0.795918 0.541057
0.114286 0.795918 0.552186
0.142857 0.795918 0.55134
0.171429 0.795918 0.508893
0.2 0.795918 0.537197
0.228571 0.795918 0.57482
0.257143 0.795918 0.576882
0.285714 0.795918 0.564804
0.314286 0.795918 0.513212
0.342857 0.795918 0.575992
0.371429 0.795918 0.545831
0.4 0.795918 0.546059
0.428571 0.795918 0.560069
0.457143 0.795918 0.576033
0.485714 0.795918 0.563995
0.514286 0.795918 0.596587
0.542857 0.795918 0.553293
0.571429 0.795918 0.590733
0.6 0.795918 0.591172
0.628571 0.795918 0.596011
0.657143 0.795918 0.536524
0.685714 0.795918 0.523608
0.714286 0.795918 0.537813
0.742857 0.795918 0.581284
0.771429 0.795918 0.549841
0.8 0.795918 0.524524
0.828571 0.795918 0.591247
0.857143 0.795918 0.546272
0.885714 0.795918 0.511376
0.914286 0.795918 0.553346
0.942857 0.795918 0.496074
0.971429 0.795918 0.511034
1 0.795918 0.530015

0 0.816327 0.504202
0.0285714 0.816327 0.581822
0.0571429 0.816327 0.500244
0.0857143 0.816327 0.544258
0.114286 0.816327 0.535
0.142857 0.816327 0.487078
0.171429 0.816327 0.532153
0.2 0.816327 0.546959
0.228571 0.816327 0.549223
0.257143 0.816327 0.552772
0.285714 0.816327 0.535482
0.314286 0.816327 0.572555
0.342857 0.816327 0.544401
0.371429 0.816327 0.606951
0.4 0.816327 0.584065
0.428571 0.816327 0.564257
0.457143 0.816327 0.576816
0.485714 0.816327 0.610465
0.514286 0.816327 0.573555
0.542857 0.816327 0.572575
0.571429 0.816327 0.551391
0.6 0.816327 0.56111
0.628571 0.816327 0.570921
0.657143 0.816327 0.612765
0.685714 0.816327 0.544619
0.714286 0.816327 0.513001
0.742857 0.816327 0.55197
0.771429 0.816327 0.557435
0.8 0.816327 0.530164
0.828571 0.816327 0.5718
0.857143 0.816327 0.52486
0.885714 0.816327 0.542463
0.914286 0.816327 0.490055
0.942857 0.816327 0.522008
0.971429 0.816327 0.534475
1 0.816327 0.529406

0 0.836735 0.53342
0.0285714 0.836735 0.508189
0.0571429 0.836735 0.534618
0.0857143 0.836735 0.542728
0.114286 0.836735 0.532662
0.142857 0.836735 0.567864
0.171429 0.836735 0.527744
0.2 0.836735 0.610321
0.228571 0.836735 0.570313
0.257143 0.836735 0.535287
0.285714 0.836735 0.569252
0.314286 0.836735 0.543868
0.342857 0.836735 0.537682
0.371429 0.836735 0.587152
0.4 0.836735 0.575213
0.428571 0.836735 0.569813
0.457143 0.836735 0.599942
0.485714 0.836735 0.645886
0.514286 0.836735 0.599529
0.542857 0.836735 0.557266
0.571429 0.836735 0.572684
0.6 0.836735 0.621478
0.628571 0.836735 0.595755
0.657143 0.836735 0.560528
0.685714 0.836735 0.55062
0.714286 0.836735 0.535521
0.742857 0.836735 0.562407
0.771429 0.836735 0.594991
0.8 0.836735 0.534021
0.828571 0.836735 0.520097
0.857143 0.836735 0.579651
0.885714 0.836735 0.522014
0.914286 0.836735 0.51977
0.942857 0.836735 0.532673
0.971429 0.836735 0.545932
1 0.836735 0.495864

0 0.857143 0.546658
0.0285714 0.857143 0.567773
0.0571429 0.857143 0.509197
0.0857143 0.857143 0.548867
0.114286 0.857143 0.573938
0.142857 0.857143 0.531574
0.171429 0.857143 0.53718
0.2 0.857143 0.531848
0.228571 0.857143 0.546718
0.257143 0.857143 0.544337
0.285714 0.857143 0.54725
0.314286 0.857143 0.583946
0.342857 0.857143 0.533155
0.371429 0.857143 0.567432
0.4 0.857143 0.637087
0.428571 0.857143 0.548969
0.457143 0.857143 0.623559
0.485714 0.857143 0.605747
0.514286 0.857143 0.572647
0.542857 0.857143 0.616688
0.571429 0.857143 0.548183
0.6 0.857143 0.54398
0.628571 0.857143 0.561309
0.657143 0.857143 0.550619
0.685714 0.857143 0.585563
0.714286 0.857143 0.567476
0.742857 0.857143 0.571298
0.771429 0.857143 0.555023
0.8 0.857143 0.576527
0.828571 0.857143 0.543743
0.857143 0.857143 0.50191
0.885714 0.857143 0.518944
0.914286 0.857143 0.543451
0.942857 0.857143 0.518729
0.971429 0.857143 0.537398
1 0.857143 0.560649

0 0.877551 0.537916
0.0285714 0.877551 0.54583
0.0571429 0.877551 0.519846
0.0857143 0.877551 0.569189
0.114286 0.877551 0.521567
0.142857 0.877551 0.574531
0.171429 0.877551 0.578815
0.2 0.877551 0.578008
0.228571 0.877551 0.605209
0.257143 0.877551 0.549526
0.285714 0.877551 0.557315
0.314286 0.877551 0.563892
0.342857 0.877551 0.602828
0.371429 0.877551 0.58677
0.4 0.877551 0.582883
0.428571 0.877551 0.586207
0.457143 0.877551 0.597929
0.485714 0.877551 0.579907
0.514286 0.877551 0.553744
0.542857 0.877551 0.560378
0.571429 0.877551 0.611538
0.6 0.877551 0.601555
0.628571 0.877551 0.633102
0.657143 0.877551 0.590331
0.685714 0.877551 0.582117
0.714286 0.877551 0.552837
0.742857 0.877551 0.57234
0.771429 0.877551 0.580795
0.8 0.877551 0.51282
0.828571 0.877551 0.55437
0.857143 0.877551 0.497201
0.885714 0.877551 0.514861
0.914286 0.877551 0.592005
0.942857 0.877551 0.55664
0.971429 0.877551 0.503391
1 0.877551 0.526467

0 0.897959 0.587736
0.0285714 0.897959 0.482575
0.0571429 0.897959 0.554681
0.0857143 0.897959 0.551599
0.114286 0.897959 0.519422
0.142857 0.897959 0.574491
0.171429 0.897959 0.514508
0.2 0.897959 0.57325
0.228571 0.897959 0.569839
0.257143 0.897959 0.64287
0.285714 0.897959 0.598142
0.314286 0.897959 0.629476
0.342857 0.897959 0.5695
0.371429 0.897959 0.575566
0.4 0.897959 0.624375
0.428571 0.897959 0.607466
0.457143 0.897959 0.593377
0.485714 0.897959 0.620158
0.514286 0.897959 0.597437
0.542857 0.897959 0.601595
0.571429 0.897959 0.631907
0.6 0.897959 0.578418
0.628571 0.897959 0.648486
0.657143 0.897959 0.665053
0.685714 0.897959 0.542493
0.714286 0.897959 0.56373
0.742857 0.897959 0.626985
0.771429 0.897959 0.585356
0.8 0.897959 0.557549
0.828571 0.897959 0.55956
0.857143 0.897959 0.53525
0.885714 0.897959 0.580818
0.914286 0.897959 0.572212
0.942857 0.897959 0.594605
0.971429 0.897959 0.556564
1 0.897959 0.569384

0 0.918367 0.547679
0.0285714 0.918367 0.607117
0.0571429 0.918367 0.54999
0.0857143 0.918367 0.535676
0.114286 0.918367 0.567952
0.142857 0.918367 0.573383
0.171429 0.918367 0.573217
0.2 0.918367 0.54156
0.228571 0.918367 0.573465
0.257143 0.918367 0.591914
0.285714 0.918367 0.563236
0.314286 0.918367 0.564126
0.342857 0.918367 0.57429
0.371429 0.918367 0.623341
0.4 0.918367 0.600389
0.428571 0.918367 0.66586
0.457143 0.918367 0.586627
0.485714 0.918367 0.560692
0.514286 0.918367 0.606321
0.542857 0.918367 0.592667
0.571429 0.918367 0.560739
0.6 0.918367 0.622635
0.628571 0.918367 0.630066
0.657143 0.918367 0.58349
0.685714 0.918367 0.565349
0.714286 0.918367 0.576179
0.742857 0.918367 0.593517
0.771429 0.918367 0.525191
0.8 0.918367 0.557928
0.828571 0.918367 0.575337
0.857143 0.918367 0.563525
0.885714 0.918367 0.557021
0.914286 0.918367 0.52911
0.942857 0.918367 0.522759
0.971429 0.918367 0.554797
1 0.918367 0.564732

0 0.938776 0.554997
0.0285714 0.938776 0.562439
0.0571429 0.938776 0.540292
0.0857143 0.938776 0.557657
0.114286 0.938776 0.579001
0.142857 0.938776 0.564674
0.171429 0.938776 0.623343
0.2 0.938776 0.597779
0.228571 0.938776 0.575504
0.257143 0.938776 0.656008
0.285714 0.938776 0.647152
0.314286 0.938776 0.58729
0.342857 0.938776 0.637649
0.371429 0.938776 0.646263
0.4 0.938776 0.601056
0.428571 0.938776 0.612996
0.457143 0.938776 0.587127
0.485714 0.938776 0.648097
0.514286 0.938776 0.613035
0.542857 0.938776 0.565224
0.571429 0.938776 0.594399
0.6 0.938776 0.614757
0.628571 0.938776 0.602874
0.657143 0.938776 0.588893
0.685714 0.938776 0.586307
0.714286 0.938776 0.550388
0.742857 0.938776 0.603697
0.771429 0.938776 0.599918
0.8 0.938776 0.614813
0.828571 0.938776 0.64097
0.857143 0.938776 0.551888
0.885714 0.938776 0.533257
0.914286 0.938776 0.507116
0.942857 0.938776 0.592503
0.971429 0.938776 0.566348
1 0.938776 0.605107

0 0.959184 0.533519
0.0285714 0.959184 0.572734
0.0571429 0.959184 0.553047
0.0857143 0.959184 0.625098
0.114286 0.959184 0.641031
0.142857 0.959184 0.61136
0.171429 0.959184 0.557186
0.2 0.959184 0.553506
0.228571 0.959184 0.615933
0.257143 0.959184 0.590837
0.285714 0.959184 0.602937
0.314286 0.959184 0.564453
0.342857 0.959184 0.600223
0.371429 0.959184 0.613213
0.4 0.959184 0.644343
0.428571 0.959184 0.638033
0.457143 0.959184 0.577317
0.485714 0.959184 0.692869
0.514286 0.959184 0.637227
0.542857 0.959184 0.641093
0.571429 0.959184 0.641451
0.6 0.959184 0.619273
0.628571 0.959184 0.614493
0.657143 0.959184 0.613905
0.685714 0.959184 0.632308
0.714286 0.959184 0.618091
0.742857 0.959184 0.571126
0.771429 0.959184 0.615363
0.8 0.959184 0.564232
0.828571 0.959184 0.570727
0.857143 0.959184 0.599313
0.885714 0.959184 0.585131
0.914286 0.959184 0.583545
0.942857 0.959184 0.513313
0.971429 0.959184 0.61733
1 0.959184 0.520084

0 0.979592 0.58578
0.0285714 0.979592 0.561963
0.0571429 0.979592 0.600416
0.0857143 0.979592 0.565704
0.114286 0.979592 0.629258
0.142857 0.979592 0.635432
0.171429 0.979592 0.566949
0.2 0.979592 0.585451
0.228571 0.979592 0.584218
0.257143 0.979592 0.622693
0.285714 0.979592 0.639717
0.314286 0.979592 0.620073
0.342857 0.979592 0.655948
0.371429 0.979592 0.637053
0.4 0.979592 0.632898
0.428571 0.979592 0.614007
0.457143 0.979592 0.666645
0.485714 0.979592 0.60652
0.514286 0.979592 0.6115
0.542857 0.979592 0.609586
0.571429 0.979592 0.57662
0.6 0.979592 0.662514
0.628571 0.979592 0.637783
0.657143 0.979592 0.628969
0.685714 0.979592 0.628797
0.714286 0.979592 0.591216
0.742857 0.979592 0.557746
0.771429 0.979592 0.571696
0.8 0.979592 0.622158
0.828571 0.979592 0.549057
0.857143 0.979592 0.544942
0.885714 0.979592 0.599669
0.914286 0.979592 0.590278
0.942857 0.979592 0.579769
0.971429 0.979592 0.603053
1 0.979592 0.587982

0 1 0.543979
0.0285714 1 0.574214
0.0571429 1 0.580079
0.0857143 1 0.586239
0.114286 1 0.568701
0.142857 1 0.609215
0.171429 1 0.62969
0.2 1 0.573833
0.228571 1 0.633609
0.257143 1 0.606343
0.285714 1 0.560155
0.314286 1 0.611096
0.342857 1 0.64303
0.371429 1 0.652202
0.4 1 0.675673
0.428571 1 0.633916
0.457143 1 0.619648
0.485714 1 0.611136
0.514286 1 0.677345
0.542857 1 0.646359
0.571429 1 0.612819
0.6 1 0.626919
0.628571 1 0.637018
0.657143 1 0.60774
0.685714 1 0.577023
0.714286 1 0.602704
0.742857 1 0.630411
0.771429 1 0.63077
0.8 1 0.558961
0.828571 1 0.639494
0.857143 1 0.580628
0.885714 1 0.601297
0.914286 1 0.576546
0.942857 1 0.555426
0.971429 1 0.58284
1 1 0.516393

